18 11 14 18 13 15 16 17 16 17
19 15 18 16 13 15 12 16 18 15
15 20 12 14 15 19 16 13 16 18
13 16 16 15 11 13 18 14 12 15
17 13 18 20 16 13 16 15 13 18
14 14 16 15 18 16 20 14 17 15
17 15 13 18 13 17 13 16 15 17
16 14 15 14 16 14 14 15 14 13
13 18 17 16 20 15 19 16 16 15
15 20 14 13 16 18 16 17 14 16
18 11 14 18 13 15 16 17 16 17
19 15 18 16 13 15 12 16 18 15
15 20 12 14 15 19 16 13 16 18
13 16 16 15 11 13 18 14 12 15
17 13 18 20 16 13 16 15 13 18
14 14 16 15 18 16 20 14 17 15
17 15 13 18 13 17 13 16 15 17
16 14 15 14 16 14 14 15 14 13
13 18 17 16 20 15 19 16 16 15
15 20 14 13 16 18 16 17 14 16